225
224
226
225
225
226
227
226
226
226
228
226
226
227
228
227
227
298
308
287
288
289
289
288
288
290
289
290
288
290
290
291
289
291
291
292
291
291
292
292
292
292
292
292
292
293
293
293
293
294
293
294
294
294
295
295
295
295
295
295
295
296
296
296
296
297
296
297
296
297
298
296
298
298
298
298
298
299
297
299
299
299
299
300
299
300
300
300
301
300
301
301
301
301
301
302
302
302
303
302
302
303
303
303
304
303
304
304
304
304
335
335
335
336
336
335
336
336
336
335
337
336
336
337
337
337
337
338
338
338
338
338
339
337
339
339
339
340
339
340
340
340
341
340
341
341
341
341
342
342
342
342
342
343
344
343
343
344
344
343
344
344
344
344
345
345
345
345
346
345
345
346
346
346
346
347
347
347
347
347
347
348
347
348
348
349
349
348
349
349
350
350
349
351
350
350
351
351
350
312
311
311
312
312
312
312
312
313
313
312
313
314
314
314
313
314
315
315
314
315
314
315
316
316
317
316
316
316
317
318
317
318
317
318
318
318
317
319
319
319
319
320
320
319
319
319
319
320
320
320
320
320
322
321
322
322
322
322
323
322
323
323
323
324
323
324
324
324
323
323
324
324
324
324
324
325
326
326
327
327
326
327
327
326
327
326
328
327
328
328
298
308
309
309
308
310
308
310
310
310
310
310
311
310
311
310
312
311
311
313
313
311
312
312
313
312
313
312
314
314
313
314
314
315
314
315
315
314
316
316
315
316
316
315
317
317
317
316
316
317
317
318
319
318
318
319
319
318
318
318
319
319
319
320
321
320
321
321
321
322
321
322
321
322
322
323
323
322
323
323
323
324
323
324
324
324
324
324
325
325
325
315
305
305
306
306
306
306
306
307
306
306
308
307
307
307
307
308
307
308
308
308
309
308
310
309
309
310
310
309
311
310
310
311
311
311
311
311
312
312
311
312
313
312
313
313
314
314
313
313
313
315
315
314
314
314
315
315
316
315
315
316
315
317
317
317
316
317
316
317
318
318
319
318
319
318
318
318
319
319
319
320
320
320
321
321
320
322
322
321
322
322
332
313
312
312
312
313
312
313
312
314
314
313
314
314
315
315
314
314
315
316
316
316
315
315
316
317
317
318
318
316
317
317
318
319
318
318
319
319
318
318
319
318
319
319
319
320
321
321
321
322
322
321
322
321
322
323
323
322
323
323
323
323
323
324
324
324
325
325
324
325
325
325
325
324
325
325
325
325
327
326
327
327
328
328
327
327
326
327
328
329
328
332
309
308
309
309
310
309
309
311
310
311
311
312
310
311
312
312
312
311
313
313
312
312
313
314
312
313
313
314
315
313
314
314
315
315
314
315
315
315
316
316
316
316
316
316
316
318
317
318
317
317
317
317
318
319
319
319
319
320
320
319
320
320
319
320
320
320
321
320
321
320
322
322
323
323
322
323
323
323
324
323
324
323
323
323
323
324
324
324
324
314
345
346
346
345
346
347
346
346
347
346
347
347
348
348
347
348
348
349
348
349
348
349
350
350
350
351
350

