216
216
235
236
236
236
236
236
236
236
237
236
237
237
238
237
239
238
239
239
240
240
230
229
229
229
231
220
229
230
231
232
231
232
231
231
231
231
232
223
222
222
224
222
233
233
233
234
235
264
234
233
234
234
235
235
235
235
236
236
236
237
237
237
237
237
237
237
238
238
238
239
239
238
229
229
228
249
249
239
240
240
239
229
231
230
231
230
230
231
230
232
232
232
231
231
232
232
232
234
233
233
223
223
224
224
224
224
245
244
244
244
245
245
245
246
245
246
246
247
247
236
236
237
236
236
237
237
237
237
237
238
237
238
238
238
240
240
240
240
231
229
230
230
222
330
270
251
252
251
251
252
252
252
252
252
253
242
243
242
243
244
244
235
234
235
234
224
234
233
225
226
226
226
225
226
226
226
236
237
237
238
237
237
238
238
238
237
238
237
238
228
229
219
219
220
219
220
220
220
221
220
220
221
221
222
221
221
222
221
222
222
222
222
222
222
223
223
223
224
223
223
224
225
224
225
225
224
225
225
226
226
236
236
235
236
236
236
236
236
237
237
237
246
248
248
248
247
249
248
249
238
239
238
239
229
229
230
231
231
230
221
230
232
232
232
231
222
223
222
222
224
222
222
224
223
223
225
223
223
235
225
235
235
234
234
234
235
235
235
236
236
235
236
236
236
236
236
227
228
226
228
227
228
229
228
228
228
229
230
219
220
219
219
221
219
220
220
221
222
221
221
221
231
231
231
231
233
232
233
233
232
223
223
243
234
234
214
233
234
268
235
235
235
236
235
235
235
235
225
226
227
227
236
236
237
227
227
228
227
227
228
228
229
228
228
219
229
229
229
219
240
240
231
230
230
230
230
231
232
232
232
232
232
231
222
223
222
222
224
222
223
224
223
254
234
233
234
233
245
245
245
245
225
227
226
225
226
226
226
226
227
226
227
227
228
228
228
228
227
229
229
228
228
228
230
229
219
220
219
220
220
241
230
230
220
222
260
261
232
231
231
232
232
233
223
222
223
224
223
223
224
223
224
225
224
224
224
235
235
235
236
236
235
226
225
216
216
237
237
227
226
227
227
218
227
227
228
229
229
228
228
229
218
219
239
239
239
239
240
239
241
230
220
222
221
221
252
251
252
252
253
253
252
253
252
243
243
242
244
244
245
245
243
244
245
245
245
245
244
246
246
246
246
246
247
246
247
247
247
247
247
248
247
267
237
238
237
238
238
229
229
230
223
219
220
220
240
239
240
241
230
230
231
231
232
222
221
222
222
222
222
223
223
223
222
223
224
224
224
224
225
224
224
226
224
235
235
246
245
246
246
246
247
247
247
247
247
247
248
247
247
248
229
228
249
248
239
240
240
239
240
239
239
239
230
230
231
231
232
230
240
242
242
232
231
232
232
232
232
233
233
234
233
234
233
233
234
233
224
225
264
244
245
236
225
246
246
247
237
227
226
227
227
227
238
238
238
