224
224
226
224
225
216
215
226
225
226
226
227
226
227
226
227
228
227
227
227
228
228
227
228
229
229
229
229
229
230
231
230
229
230
230
231
231
231
231
231
231
221
221
222
223
222
222
223
243
243
243
242
243
244
244
244
244
234
235
235
235
235
236
236
236
236
255
246
245
247
246
237
237
237
238
237
238
238
238
238
239
238
239
239
239
239
239
239
239
239
239
240
240
241
230
230
230
231
232
232
233
222
222
223
243
243
242
234
233
234
233
234
233
234
233
234
234
234
234
236
236
236
236
236
236
237
236
237
246
247
246
247
247
247
247
248
248
249
247
248
249
249
249
250
250
248
250
250
251
251
250
250
250
241
241
242
241
242
242
241
241
241
243
252
274
274
272
273
273
273
274
274
275
274
274
275
274
274
276
276
276
277
277
275
276
276
276
276
276
267
267
267
267
269
267
268
268
269
259
259
259
259
259
259
260
260
260
260
260
261
251
252
252
251
252
251
252
253
253
252
253
253
254
254
253
253
244
244
245
243
244
245
245
245
246
244
246
245
246
246
246
246
247
247
247
237
237
237
237
227
227
229
229
228
228
228
230
230
260
249
250
250
251
251
250
251
251
251
251
251
252
252
241
231
232
232
233
233
233
233
233
233
233
234
234
233
234
235
235
236
236
235
236
236
236
237
226
226
226
228
227
226
227
228
227
227
227
229
228
228
228
228
229
230
228
229
229
230
230
229
230
230
221
220
221
222
221
221
222
221
222
221
222
222
222
223
222
223
223
223
223
223
224
224
234
234
234
234
234
234
235
235
235
236
235
275
237
237
237
238
237
237
238
238
238
238
238
239
239
239
239
238
238
239
238
239
239
240
241
240
241
231
230
231
230
231
232
232
232
232
231
232
232
232
232
234
234
234
234
234
234
234
234
234
235
235
234
234
235
236
236
236
227
225
226
226
228
226
227
226
228
229
228
227
228
228
228
228
229
228
230
230
230
230
229
230
231
231
230
231
230
231
232
232
232
231
231
232
232
232
233
233
287
253
253
254
252
254
254
255
255
254
255
254
255
255
255
256
255
256
256
256
256
256
257
257
257
257
257
259
258
258
258
258
258
259
258
259
259
260
260
259
260
260
260
260
260
261
261
261
263
262
261
252
251
252
252
253
253
253
254
254
253
254
244
245
243
243
234
234
235
234
235
235
235
235
236
227
227
226
226
227
228
227
227
228
228
227
228
227
229
229
228
229
228
229
230
230
250
230
231
230
230
230
231
232
231
231
242
241
242
243
243
242
242
242
243
243
243
244
243
243
243
244
245
244
245
244
244
245
246
246
245
245
246
246
246
246
247
247
248
247
247
248
248
249
249
248
248
249
249
249
249
248
250
250
250
250
250
251
251
251
251
252
252
251
252
251
252
252
253
243
242

