235
235
235
235
236
236
226
226
227
227
227
236
237
237
228
229
229
228
218
219
219
220
219
219
220
260
260
260
261
261
251
251
251
252
252
252
252
252
252
252
253
253
253
253
253
254
254
254
254
254
254
255
244
244
245
245
246
245
245
247
246
246
246
247
247
237
238
238
238
238
238
229
228
228
228
228
249
229
229
231
230
230
229
230
231
231
230
230
231
230
232
232
232
233
231
232
232
232
232
233
224
234
233
234
234
233
234
224
234
236
236
224
225
225
226
226
226
227
227
226
257
246
247
247
248
247
238
238
239
239
239
238
230
230
228
229
229
229
230
230
230
230
230
230
232
232
231
231
231
221
223
221
222
222
222
222
223
222
223
224
223
224
225
233
234
224
234
234
235
226
224
225
225
227
236
236
237
237
226
226
218
237
238
238
239
239
238
238
239
239
239
240
240
239
240
240
241
240
240
239
240
240
241
241
241
241
222
221
221
222
241
243
242
243
243
243
233
322
233
234
234
235
234
224
215
235
235
236
236
236
236
236
236
237
237
237
237
237
236
238
237
238
238
238
239
239
239
238
239
240
240
239
240
240
240
230
231
231
230
231
231
220
221
221
222
222
221
223
222
222
223
232
232
233
232
233
234
234
234
235
234
235
235
235
235
235
234
235
235
235
236
235
236
236
237
237
236
237
237
237
237
237
237
238
238
238
239
239
238
240
240
229
230
230
298
230
230
231
230
231
232
232
221
221
222
222
223
222
243
243
243
243
244
233
234
235
234
234
235
235
235
234
234
235
235
235
236
236
236
235
236
236
236
236
237
237
237
237
227
228
229
218
218
229
229
238
238
239
229
229
229
241
231
231
231
230
230
231
231
232
232
233
232
231
222
224
223
222
224
233
233
233
233
233
233
234
224
224
224
225
226
225
225
225
226
226
225
227
227
226
226
247
248
248
247
248
247
237
238
239
239
239
240
240
239
240
240
240
241
241
239
240
239
240
240
242
241
242
221
231
232
232
233
233
233
233
233
233
233
233
233
234
223
225
224
224
226
246
236
230
225
225
226
227
226
226
236
237
237
218
217
237
236
237
238
238
237
238
238
238
239
239
238
239
240
241
230
229
230
230
231
231
232
221
231
232
221
222
231
233
233
233
234
233
222
223
224
223