222
222
222
222
222
222
222
224
223
223
223
244
244
243
244
244
235
234
234
235
224
225
226
216
236
236
237
237
237
238
238
237
238
237
238
238
239
239
238
239
248
249
240
239
240
230
229
229
230
229
231
231
230
231
220
222
221
222
222
222
222
223
223
222
222
223
223
223
224
223
224
224
224
225
224
224
226
225
225
225
226
225
226
225
227
237
237
237
237
237
238
238
238
238
239
238
239
229
228
228
229
229
230
219
220
219
220
221
230
230
240
241
241
241
242
242
243
243
243
241
242
243
243
243
243
243
243
243
223
224
224
233
234
234
215
236
236
255
256
255
246
246
247
246
247
246
247
247
247
248
247
248
238
239
239
239
239
239
230
230
229
229
229
229
221
220
220
241
241
241
241
241
231
231
232
233
233
232
232
232
232
233
234
224
234
233
234
234
234
234
234
234
235
234
236
236
237
237
236
236
237
227
226
227
236
236
237
237
237
237
237
238
238
238
238
239
238
239
240
229
220
240
240
240
240
240
231
231
232
232
233
233
232
231
262
233
233
233
222
223
224
223
233
233
234
234
235
235
235
236
235
225
225
225
226
225
236
235
236
236
236
236
236
237
227
228
228
227
228
218
218
219
219
219
220
239
240
240
240
240
240
241
231
231
231
231
230
221
252
252
252
252
252
243
243
243
242
242
242
233
233
233
234
233
234
225
225
225
244
245
246
245
246
245
246
247
246
247
246
248
248
247
237
237
237
227
229
229
228
228
228
249
249
250
249
249
229
230
230
222
220
221
221
221
241
222
222
221
223
242
243
243
242
232
223
223
224
223
223
224
224
225
224
224
225
225
225
225
226
225
226
225
227
236
236
236
236
236
237
236
237
238
238
238
239
238
239
218
219
239
240
230
220
219
220
220
220
220
220
221
221
221
221
221
221
222
221
223
222
222
233
233
234
233
233
233
223
233
235
225
225
225
226
215
215
236
236
236
326
266
265
267
266
266
257
257
257
258
257
257
239
239
238
239
239
240
239
239
238
239
239
239
239
240
241
240
241
241
241
242
240
241
231
221
243
243
242
242
242
243
243
243
244
244
244
244
245
234
234
224
225
225
246
245
246
244
246
246
247
247
246
247
247
247
247
247
248
248
247
248
249
239
239
239
239
239
238
239
239
239
239
241
241
241
241
241
241
241
242
241
241
242
242
242
333
252
253
253
253
253
253
243
243
244
245
245
245
244
246
246
245
246
245
246
246
237
237
237
237
237
237
238
237
238
238
238
239
239
239
238
239
240
240
239
240
239
239
239
239
240
229
231
231
231
232
232
232
232
232
231
243
232
233

