229
228
229
220
220
219
231
229
230
230
230
232
232
232
242
242
242
243
222
222
222
223
223
222
224
223
223
224
224
224
225
235
225
225
235
235
236
235
236
236
236
237
237
237
237
238
238
237
238
238
227
228
228
229
228
228
228
229
220
229
229
229
231
271
250
240
241
239
240
231
220
221
221
223
222
252
252
252
252
253
251
253
253
253
254
254
254
254
255
255
254
255
255
235
234
236
236
236
236
227
226
226
227
227
227
227
227
228
228
228
238
227
228
239
239
239
239
239
238
239
239
239
240
241
240
241
241
241
242
242
241
241
241
243
243
242
233
233
233
233
233
233
233
233
234
235
235
235
235
235
236
236
235
235
225
236
236
235
236
236
266
247
247
246
248
248
248
247
248
248
248
249
249
250
250
250
249
250
250
250
250
249
241
241
242
242
241
242
241
241
241
242
243
243
243
243
243
242
243
244
244
235
235
233
234
234
234
225
226
225
225
225
226
226
225
226
227
226
226
227
228
227
227
228
229
228
228
228
228
229
229
229
228
229
230
220
219
221
220
220
220
221
220
221
221
222
221
222
222
222
222
222
222
223
223
223
223
253
254
254
254
254
254
254
255
255
255
256
256
255
256
255
256
256
257
257
256
257
257
257
257
258
257
258
258
258
249
249
248
249
250
250
250
250
250
249
251
251
250
251
251
251
252
251
251
251
253
252
253
252
253
253
253
253
253
254
253
254
254
254
255
254
255
255
255
255
255
256
256
256
257
257
256
257
257
257
259
258
257
258
258
258
258
258
258
259
260
259
260
260
260
260
260
251
261
260
261
261
261
252
241
231
231
233
232
233
233
232
233
222
224
224
224
223
224
224
224
226
225
234
234
235
235
235
236
237
236
237
237
237
237
237
238
237
238
238
238
238
229
228
228
229
229
229
230
229
229
229
230
231
231
229
230
231
231
232
242
241
242
241
241
241
232
232
232
232
232
234
234
234
235
234
233
224
243
245
245
245
245
234
236
236
236
236
237
236
237
237
237
275
267
258
258
257
258
237
238
238
238
228
228
230
230
239
240
240
240
241
241
240
240
231
230
232
232
233
232
232
231
232
232
234
224
243
243
243
234
234
234
224
233
234
234
234
234
224
226
225
244
246
246
246
245
247
246
247
247
246
247
248
248
247
248
248
248
247
249
249
249
249
229
230
230
230
230
230
230
239
231
231
230
232
232
232
231
231
232
232
232
233
233
233
234
234
224
223
274
244
244
244
224
225
224
225
235
236
236
236
236
237
236
237
237
237
237
237
238
238
239
239
239
238
239
238
239
239
259
259
259
259
260
259
260
260
260
260
261
251
252
252
251
252
252
243
241
242
242
243
243

