225
225
226
226
225
226
227
226
226
227
228
227
227
228
228
228
228
227
228
229
230
229
228
229
230
230
229
230
229
230
231
231
231
230
231
231
231
232
232
232
232
232
232
232
232
233
234
234
234
234
234
235
233
234
234
234
234
235
234
235
235
235
236
237
237
236
238
238
237
237
238
238
238
238
239
239
238
239
238
339
339
339
339
339
340
340
340
340
340
341
341
340
341
341
342
341
342
342
342
343
343
343
343
344
344
343
344
344
344
344
344
345
344
345
345
346
345
346
346
348
347
346
347
346
347
347
349
348
348
348
349
350
348
349
348
349
350
350
349
351
350
350
351
351
351
352
351
351
352
352
352
352
352
352
352
354
353
353
353
354
354
354
355
355
354
355
356
356
355
355
356
356
357
356
356
357
358
358
357
357
357
359
359
359
358
358
359
359
360
360
360
359
360
359
360
360
362
361
362
362
363
363
361
362
362
362
362
363
363
363
363
365
365
364
365
365
365
366
365
366
365
366
366
367
366
367
367
368
367
366
367
366
367
368
369
368
369
369
369
369
370
370
369
369
369
371
370
371
371
371
371
371
372
372
372
372
372
372
373
373
373
373
373
374
374
374
374
374
374
375
375
375
376
376
376
376
377
376
377
375
377
378
378
377
378
378
377
378
379
378
378
379
380
379
380
378
380
381
380
381
381
381
381
382
382
382
383
383
383
383
383
382
383
384
383
384
384
384
384
385
384
385
385
385
385
386
385
386
386
386
387
386
387
387
387
388
389
388
388
388
388
389
388
389
389
390
390
390
390
390
390
391
390
391
391
392
392
391
392
392
393
392
393
394
393
393
394
394
393
395
394
394
396
394
395
395
396
396
396
397
396
396
396
398
397
397
397
398
399
397
398
398
400
399
399
399
400
400
400
399
400
400
401
401
401
400
401
401
403
402
403
403
402
402
402
403
403
404
404
404
405
405
404
404
404
405
405
405
406
406
405
407
407
407
407
408
407
408
408
409
408
409
409
410
410
409
410
409
409
410
410
409
410
410
411
412
412
412
412
412
412
412
412
412
413
413
414
413
414
413
413
415
414
415
415
415
415
415
416
416
416
416
417
417
417
417
416
418
417
418
417
419
418
419
418
419
419
419
419
420
420
420
420
421
421
421
421
422
421
422
422
422
422
423
423
423
424
423
424
424
424
424
425
425
425
425
425
425
425
426
426
426
426
427
426
427
427
428
428
428
428
429
429
428
429
429
429
429
430
429
430
430
430
431
431
431
431
431
431
432
432
432
433
434
432
433
433
433
434
434
434
434
434
435
434
435
436
435
435
437
436
436
437
436
437
437
437
437
438
438
437
438
439
439
439
439
440
439
439
441
440
440
440
441
442
441
441
442
443
442
442
442
442
443
444
442
443
443
443
444
445
445
445
445
444
444
446
446
446
447
446
446
446
446
447
446
448
448
449
448
448
449
449
449
449
450
448
449
449
450
450
450
450
450
451
450
452
452
453
453
452
453
453
454
454
453
454
454
455
454
453
454
455
455
456
456
456
455
455
455
456
456
457
457
457
457
456
458
458
458
459
458
458

