265
225
215
232
255
237
247
237
247
216
227
226
253
248
278
227
237
239
227
248
239
218
219
268
238
239
255
230
270
240
240
231
240
211
232
232
231
230
231
231
231
233
233
232
242
222
232
232
232
222
247
244
233
234
224
223
224
225
224
224
224
225
234
235
234
235
235
235
236
236
235
245
226
226
227
227
226
227
228
227
228
228
228
229
238
239
239
239
239
349
240
239
239
241
241
240
241
231
230
241
241
241
242
242
242
241
241
241
243
242
243
233
233
232
233
233
234
233
233
233
235
235
235
225
224
234
234
225
226
225
226
237
236
236
247
245
226
226
228
227
227
226
228
227
228
248
248
248
249
248
239
250
239
239
230
219
230
220
220
250
220
230
250
221
220
232
222
231
210
242
232
234
231
222
243
224
244
234
223
233
243
213
234
224
234
234
224
235
226
245
248
227
236
251
228
236
246
237
236
232
237
258
231
267
238
248
238
228
229
228
219
230
219
219
219
249
240
234
240
231
220
230
234
232
232
241
232
232
242
232
222
223
252
232
222
222
237
222
253
223
223
214
243
234
234
234
214
245
236
245
226
226
225
226
227
225
246
246
227
247
237
227
237
238
237
238
247
228
238
218
239
218
228
229
234
217
240
230
239
229
250
220
232
229
234
240
240
221
211
242
227
231
224
222
241
232
252
233
222
217
243
224
254
231
244
253
224
254
224
234
234
225
243
247
225
245
236
246
245
246
246
236
266
236
236
233
226
246
238
237
227
235
267
229
228
228
238
238
249
239
239
240
229
240
219
260
229
290
231
240
230
241
231
220
232
232
241
242
232
223
252
223
232
242
244
222
233
223
224
224
233
243
234
224
235
245
254
245
235
236
245
236
226
246
256
233
236
237
227
227
227
236
240
228
227
238
229
239
239
244
244
250
229
230
240
220
229
211
231
231
240
221
232
231
242
228
231
262
213
232
232
213
222
243
255
247
237
233
231
225
255
245
234
239
255
240
245
225
216
238
226
237
236
226
246
236
227
236
227
228
228
228
227
228
228
243
249
238
234
248
229
239
231
229
231
240
249
239
240
270
260
244
221
241
221
241
231
241
222
252
222
243
243
233
223
223
223
225
224
223
223
235
223
234
228
235
225
215
245
224
235
225
226
226
215
237
227
226
226
226
227
227
236
237
237
237
227
227
229
239
229
229
228
219
229
219
219
230

