235
234
235
235
235
235
235
235
235
236
235
235
236
236
236
238
237
237
238
238
237
228
228
227
227
227
228
228
228
227
238
238
239
237
238
238
238
238
229
230
230
228
229
228
229
230
230
229
229
229
230
231
230
229
230
229
231
305
250
251
251
251
251
241
240
240
241
240
241
242
242
242
242
242
241
232
231
233
232
233
232
232
232
232
233
234
233
233
234
234
233
232
233
233
233
233
233
234
234
235
234
235
234
235
234
234
234
234
234
234
234
235
225
226
225
225
226
226
226
225
227
225
226
225
227
226
226
226
227
226
226
217
227
227
227
238
238
238
228
228
227
238
238
228
227
229
229
228
228
228
229
228
228
228
269
279
239
239
230
240
239
240
240
240
240
239
239
239
239
240
239
241
240
241
241
241
241
241
240
240
241
241
241
242
242
241
242
242
241
241
241
243
243
242
243
243
242
242
242
243
243
243
243
244
242
243
233
234
234
234
234
234
234
235
234
235
235
235
234
234
234
235
234
234
235
235
235
234
235
236
236
236
226
226
226
226
227
226
226
226
227
226
226
226
228
226
227
226
228
227
227
257
238
238
238
238
238
238
229
227
228
228
229
229
228
228
228
230
229
229
228
229
229
230
230
229
230
230
230
230
231
229
230
230
231
231
231
230
230
231
230
231
232
231
231
231
231
231
242
241
241
241
242
242
243
243
242
243
242
242
243
243
243
243
243
242
243
233
233
223
244
242
243
233
234
233
233
234
235
245
234
235
236
236
236
235
235
236
236
236
236
236
235
245
226
225
225
246
245
247
247
246
246
246
236
236
227
226
228
227
227
226
228
227
227
227
228
228
228
228
227
229
229
228
228
228
229
228
228
228
229
229
230
229
229
229
230
230
229
229
230
230
230
230
230
230
230
230
231
231
230
230
240
241
241
241
242
241
242
242
241
240
241
231
232
231
232
233
232
233
232
232
233
233
233
232
233
234
234
233
233
233
243
244
244
224
223
224
224
224
224
225
224
254
255
254
255
254
245
245
245
245
235
225
226
226
226
225
226
235
236
226
226
226
226
236
216
227
226
226
227
228
226
227
227
228
228
227
227
217
218
217
218
217
218
218
239
239
239
237
238
238
238
238
238
238
239
239
238
240
240
240
240
240
240
240
240
241
241
239
240
239
240
240
241
241
242
242
231

