235
235
235
235
235
235
236
236
235
235
237
217
216
227
227
226
227
226
227
227
227
227
228
227
227
227
228
228
228
228
227
280
229
227
228
228
228
229
228
229
229
228
230
229
229
229
229
230
231
230
229
229
230
231
231
229
230
230
230
231
231
231
230
231
231
231
242
240
241
240
241
242
242
241
243
243
242
241
242
242
243
243
243
243
243
243
242
243
243
243
244
243
243
243
244
244
244
244
243
244
245
244
245
244
244
254
255
253
255
255
255
255
255
255
256
256
256
256
256
256
256
256
256
256
256
256
257
267
236
226
226
228
228
227
227
227
228
227
227
227
228
229
227
228
227
239
238
239
239
239
240
239
239
229
229
230
229
229
229
230
230
231
230
229
229
231
231
231
250
240
241
241
240
240
240
241
242
241
241
242
242
242
241
241
241
241
242
242
242
242
243
242
242
232
233
234
233
233
233
234
232
233
232
233
233
233
234
234
234
234
235
234
233
234
234
234
234
234
234
234
235
235
235
236
266
245
246
246
245
246
246
246
246
245
247
247
246
247
246
247
246
247
256
257
258
257
257
257
257
257
258
258
257
258
258
257
258
258
258
258
259
259
258
259
249
249
239
239
238
240
249
250
249
250
230
229
229
230
230
231
231
230
230
230
230
260
261
261
261
261
261
261
261
261
263
261
261
262
262
262
261
263
262
262
262
262
263
263
262
263
262
264
263
263
263
263
264
264
264
264
284
234
245
245
244
244
244
244
245
245
245
244
244
246
246
245
245
245
245
246
246
246
245
246
246
246
246
246
246
247
247
246
247
247
247
247
246
248
248
247
246
248
227
227
227
248
248
248
248
249
237
238
238
237
238
239
239
240
239
239
230
229
229
230
231
231
229
229
230
230
231
231
230
230
230
230
231
232
232
241
241
241
241
242
241
241
241
241
242
242
242
242
242
243
241
241
272
242
252
253
253
253
253
253
253
253
253
253
254
254
253
254
254
254
254
254
254
254
255
255
254
255
244
245
245
245
246
245
245
246
244
245
246
246
246
235
235
237
236
237
237
227
226
236
236
236
227
227
228
227
247
248
248
247
248
248
247
238
238
237
237
238
237
238
238
238
238
238
239
239
239
240
239
240
240
240
240
240
240
239