224
224
235
235
235
235
235
236
236
235
235
235
235
235
235
235
235
235
235
236
235
236
236
236
236
235
237
237
237
238
238
237
238
237
238
228
228
227
227
227
258
248
248
248
247
249
249
249
248
249
249
249
249
249
249
249
249
249
250
249
250
249
249
241
230
230
230
230
221
230
230
230
221
221
240
240
242
242
232
231
231
231
231
232
232
233
242
242
242
243
242
242
241
243
243
243
243
243
242
242
233
232
233
233
233
234
234
234
224
223
224
225
224
225
226
225
224
224
226
224
225
226
225
225
225
226
225
225
226
227
226
225
227
236
237
237
237
266
226
226
228
226
227
227
228
227
227
227
228
228
217
218
239
239
238
238
239
239
239
239
239
239
239
239
239
239
239
229
230
229
229
229
229
230
231
230
229
220
220
230
230
230
231
231
232
231
231
230
231
231
232
221
222
222
231
232
232
231
231
232
233
232
233
232
232
232
232
232
233
234
222
223
223
223
223
243
242
244
244
244
244
243
243
244
245
244
235
234
235
235
235
235
234
245
245
246
246
244
246
246
246
245
245
246
246
246
246
245
247
246
247
245
247
247
247
247
246
247
248
247
246
248
247
248
247
248
248
248
247
249
249
248
248
249
249
248
249
249
249
248
249
249
250
250
249
250
249
250
250
250
239
239
241
230
229
230
231
231
232
231
230
231
231
232
226
221
221
242
241
241
241
241
242
243
243
232
233
232
232
232
232
232
233
234
233
234
234
233
233
233
264
254
243
244
244
244
244
243
244
244
245
244
245
244
245
245
245
245
244
244
246
245
246
245
245
246
246
246
245
245
247
246
246
246
247
247
247
247
246
247
247
247
247
248
248
248
217
218
218
217
218
218
218
229
229
229
229
229
229
229
229
228
229
228
230
230
229
229
229
220
220
219
220
220
221
220
221
230
230
230
231
231
230
231
232
230
231
231
231
231
232
233
233
231
231
232
232
268
242
243
242
232
232
233
234
233
233
234
232
233
233
233
233
233
234
234
234
235
234
235
234
234
233
234
234
234
234
234
236
235
236
236
236
236
236
236
236
236
236
236
236
237
236
237
235
236
236
236
236
236
236
236
237
226
227
228
228
227
227
227
228
228
227
228
229
229
228
228
228
230
230
228
228
228
230
230
219
219
219
239
