227
226
228
228
217
237
336
248
248
248
247
248
238
238
229
228
228
228
229
230
229
228
229
229
230
229
229
229
230
231
230
229
229
220
220
220
220
221
220
220
220
221
221
221
222
221
211
241
242
241
242
242
241
242
242
242
243
242
242
243
233
233
233
222
223
223
223
222
224
223
223
225
224
223
223
223
224
223
225
223
224
235
235
235
235
235
225
224
235
235
236
235
226
235
225
225
226
226
225
225
227
225
226
325
295
237
226
227
226
227
226
227
226
228
226
227
227
228
227
227
227
228
229
227
228
227
229
229
228
229
229
230
229
228
229
229
230
219
229
229
230
230
229
229
229
230
230
231
230
230
229
230
231
231
231
230
221
222
232
231
231
240
231
231
221
222
222
222
222
222
223
222
241
242
232
232
233
223
222
243
243
234
222
223
224
223
223
225
235
235
234
233
233
234
233
234
234
234
235
235
235
255
224
226
224
225
225
226
225
225
226
225
246
246
246
245
246
246
247
246
246
246
247
247
246
247
248
248
247
246
248
248
248
247
248
248
248
247
249
248
248
248
249
248
249
249
239
239
239
239
240
239
240
239
221
219
219
220
219
221
220
239
239
240
240
241
241
241
241
241
241
242
242
240
241
240
242
242
242
233
222
222
223
222
222
223
222
222
222
222
223
223
222
223
223
222
223
224
253
244
244
243
244
244
244
244
244
244
243
244
245
245
244
244
245
245
245
245
244
245
245
246
245
245
245
246
246
247
236
235
237
236
237
237
237
237
237
237
237
238
238
237
238
238
237
238
238
228
229
227
228
227
229
229
228
228
238
238
228
239
239
239
229
239
240
239
229
240
240
230
230
229
230
229
230
230
231
231
230
220
241
240
240
240
240
241
242
241
242
241
242
242
241
241
272
241
252
252
252
252
253
251
253
253
253
252
253
253
253
253
254
254
253
254
253
254
254
253
254
254
254
254
255
255
245
244
244
245
245
245
245
244
246
246
246
245
235
235
235
236
237
236
236
237
237
236
237
237
227
227
226
227
228
227
226
227
228
228
227
228
228
228
228
227
228
229
229
228
228
228
229
230
229
228
229
230
230
230
229
229
229
230
230
230
230
229
230
230
231
230
230
263
231
231
230
231
231
230
231
231
232
232
231
231
231
231
232
232
233
232
232
231
222
243
223
243
243
243
223
243
234
234
223
232
244
233
223
223
223
224
223
225
224
223
225
224
224
224
225
234
234
234
234
235
234
235
234
235
235
236
236
236
236
216
235
235
226
226
227
226
226
226
228
227
226
227
227
227
227
227
228
217
217
218
217
218
218
217
228
228
228
220
218
228
218
239
239
240
250
240
259
259
259
259
230
219
220
230
230
231
229
230
230
231
231
231
230
230
230
231
231
232
232
231
231
231
231
232
232
232
233
232
231
232
231
233
233
233
233
234
233
233
232
232
233
233
234
234
233
234
233
233
233
233
234
233
234
233
235
234
235
235
235
235
235
236
234
234
235
235
235
235
235
235
235
235
235
235
236
235
237
236
237
237
237
237
237
227
237
238
237
238
238
238
238
248
248
247
248
248
248
249
249
248
248
249
248
249
248
249
249
249
248
250
250
248
249
250
250
239
239
239
240

