234
234
234
235
235
234
235
234
235
236
236
236
236
236
237
237
236
237
236
237
236
237
237
237
237
237
237
237
238
237
238
237
238
238
238
238
238
238
238
239
238
239
239
239
239
239
239
239
238
239
238
238
239
238
239
239
240
240
240
240
241
241
240
241
241
240
239
240
240
241
241
241
241
241
242
241
241
241
241
241
242
243
243
243
242
242
242
333
332
333
333
332
333
333
333
332
333
333
333
333
334
334
334
333
334
334
334
334
335
335
333
335
334
335
335
335
335
334
335
336
336
335
336
335
336
335
336
335
336
336
336
336
336
336
336
337
336
337
337
337
338
337
337
338
337
338
337
338
338
338
337
338
339
339
338
339
339
339
338
339
339
339
339
340
340
339
340
340
338
340
340
340
340
341
341
340
341
340
341
341
341
342
342
341
341
342
342
341
342
342
342
344
343
343
343
342
342
343
342
343
343
343
344
344
344
343
343
344
343
344
343
344
344
344
344
344
344
345
344
345
345
345
345
345
345
346
345
346
346
345
346
346
346
346
346
346
346
347
347
346
347
347
347
348
347
347
347
347
349
348
347
348
347
349
348
348
348
348
349
348
349
348
349
349
348
349
350
349
349
350
349
350
350
350
349
350
350
351
350
350
352
351
350
352
351
351
352
351
351
352
352
351
351
352
351
352
353
352
352
353
352
352
353
354
353
353
354
353
353
353
354
353
353
355
354
354
353
355
355
354
354
355
355
355
354
356
355
355
355
355
356
355
355
355
357
356
356
356
355
357
357
356
356
357
357
357
357
357
357
358
358
357
357
357
358
359
358
358
358
357
358
359
359
359
359
359
358
359
359
360
360
359
359
359
359
359
361
360
361
359
360
360
360
360
360
361
362
361
362
360
361
361
361
361
362
361
362
363
363
363
363
363
363
362
362
362
362
362
363
362
363
363
363
363
364
364
364
365
364
365
365
365
365
365
365
365
366
365
365
366
365
366
365
366
366
366
366
367
367
366
367
366
367
367
366
367
367
367
366
366
367
366
367
367
368
368
368
368
368
369
368
369
367
368
368
368
368
370
370
369
369
370
370
370
368
369
369
370
370
370
371
370
370
419
420
421
419
421
421
421
421
421
421
422
422
421
422
422
422
422
422
423
423
422
422
423
422
423
423
423
423
423
423
423
424
423

